0000000000000000000000000000000000000000000000000000000000000000000000000000000000000000000000000000000000000000000000000000000000000000000000000000000000000000000000000000000000000000000000000000000000000000
0                                                                                                                                                                                                              0
0                                                                           ertyuiopoiuytrertyuikjhgfdsfghjkjhgfdsdfghjkhgff                                                                                   0
0                                                                                                                                                                                                              0
0                     23456543456543456543456543333                                                       sdfsghjkhgfdsadfghjgfdsfghgfdfffgffffd                                                               0
0                                                                                                                                                                                                              0
0                                                                                                                                                                                                              0
0                                                                                                                                                                                                              0
0                                                                                                                                                                                                              0
0                                                                                                                                                                                                              0
0                                                                                                                                                                                                              0
0                                                                                                                                                                                                              0
0                                                                                                                                                                                                              0
0                                                                                                                                                                                                              0
0                                                                                                                                                                                                              0
0                                                                                                                                                                                                              0
0                                                                                                                                                                                                              0
0                                                                                                                                                                                                              0
0                                                                                                                                                                                                              0
0                                                                                                                                                                                                              0
0                                                                                                                                                                                                              0
0                                                                                                                                                                                                              0
0                                                                                                                                                                                                              0
0                                                                                                                                                                                                              0
0                                                                                                                                                                                                              0
0                                                                                                                                                                                                              0
0                                                                                                                                                                                                              0
0                                                                                                                                                                                                              0
0                                                                                                                                                                                                              0
0                                                                                                                                                                                                              0
0                                                                                                                                                                                                              0
0                                                                                                                                                                                                              0
0                                                                                                                                                                                                              0
0                                                                                                                                                                                                              0
0                                                                                                                                                                                                              0
0                                                                                                                                                                                                              0
0                                                                                                                                                                                                              0
0                                                                                                                                                                                                              0
0                                                                                                                                                                                                              0
0                                                                                                                                                                                                              0
0                                                                                                                                                                                                              0
0                                                                                                                                                                                                              0
0                                                                                                                                                                                                              0
0                                                                                                                                                                                                              0
0                                                                                                                                                                                                              0
0                                                                                                                                                                                                              0
0                                                                                                                                                                                                              0
0                                                                                                                                                                                                              0
0                                                                                                                                                                                                              0
0                                                                                                                                                                                                              0
0                                                                                                                                                                                                              0
0                                                                                                                                                                                                              0
0                                                                                                                                                                                                              0
0                                                                                                                                                                                                              0
0                                                                                                                                                                                                              0
0                                                                                                                                                                                                              0
0                                                                                                                                                                                                              0
0                                                                                                                                                                                                              0
0                                                                                                                                                                                                              0
0                                                                                                                                                                                                              0
0                                                                                                                                                                                                              0
0                                                                                                                                                                                                              0
0                                                                                                                                                                                                              0
0                                                                                                                                                                                                              0
0                                                                                                                                                                                                              0
0                                                                                                                                                                                                              0
0                                                                                                                                                                                                              0
0                                                                                                                                                                                                              0
0                                                                                                                                                                                                              0
0                                                                                                                                                                                                              0
0                                                                                                                                                                                                              0
0                                                                                                                                                                                                              0
0                                                                                                                                                                                                              0
0                                                                                                                                                                                                              0
0                                                                                                                                                                                                              0
0                                                                                                                                                                                                              0
0                                                                                                                                                                                                              0
0                                                                                                                                                                                                              0
0                                                                                                                                                                                                              0
0                                                                                                                                                                                                              0
0                                                                                                                                                                                                              0
0                                                                                                                                                                                                              0
0                                                                                                                                                                                                              0
0000000000000000000000000000000000000000000000000000000000000000000000000000000000000000000000000000000000000000000000000000000000000000000000000000000000000000000000000000000000000000000000000000000000000000
